kinematics:
  shoulder:
    x: 0
    y: 0
    z: 0.1806496828909589
    roll: -0
    pitch: 0
    yaw: -1.2797933869601597e-07
  upper_arm:
    x: 5.7298660768419662e-05
    y: 0
    z: 0
    roll: 1.5707020824888764
    pitch: 0
    yaw: -3.1668767128678614e-06
  forearm:
    x: -0.61225196494669754
    y: 0
    z: 0
    roll: 0.00049403236462739093
    pitch: -2.3128713978932243e-05
    yaw: -1.0791112831779903e-06
  wrist_1:
    x: -0.57127391953657558
    y: 0.0012069776256119292
    z: 0.17393494839403245
    roll: 3.1346535176423824
    pitch: -3.1414812080463608
    yaw: -3.1415906103846689
  wrist_2:
    x: -9.3321389064197238e-06
    y: -0.11973529830341703
    z: 0.00021517558967078067
    roll: 1.568999234700249
    pitch: 0
    yaw: -1.7019352331615334e-07
  wrist_3:
    x: 2.103318396622034e-05
    y: 0.11568934082468099
    z: 3.0643443062374276e-05
    roll: 1.5710612037673755
    pitch: 3.1415926535897931
    yaw: 3.1415925677164021
  hash: calib_12956598419241811125